0.00190174326465927 -0.000450651192164270
0.0126782884310618 0.000606031719552430
0.0215530903328051 0.00301538314883880
0.0310618066561014 0.00722948417001297
0.0380348652931854 0.0112922559965683
0.0443740095087163 0.0159562932688297
0.0519809825673534 0.0201696793489270
0.0576862123613312 0.0246831023676465
0.0659270998415214 0.0304004861599323
0.0748019017432646 0.0353662285666623
0.0893819334389857 0.0404844917364727
0.103328050713154 0.0443995090737938
0.121077654516640 0.0477144525338703
0.142630744849445 0.0498278183573037
0.163549920760697 0.0501364345888493
0.183201267828843 0.0486400629148147
0.200950871632330 0.0474437281794025
0.218700475435816 0.0462473934439903
0.239619651347068 0.0458041299762878
0.271949286846276 0.0450644042753476
0.302377179080824 0.0441735876934809
0.327733755942948 0.0440327443013238
0.359429477020602 0.0437439081062402
0.379714738510301 0.0431500303849957
0.401267828843106 0.0421055014715870
0.403169572107765 0.0416550885931151
