0.00190174326465927 -0.000601027132013895
0.0120443740095087 -0.000747590052786510
0.0234548335974643 -0.000592924466475247
0.0431061806656101 0.000617470776783464
0.0564183835182250 0.00317886634176565
0.0703645007923930 0.00619162803998901
0.0836767036450079 0.00980565518391857
0.0950871632329635 0.0123663358078238
0.109667194928685 0.0146274561204914
0.124247226624406 0.0170389523730086
0.139461172741680 0.0185484313001203
0.160380348652932 0.0194585512910644
0.184469096671949 0.0178134718730264
0.205388272583201 0.0169190805857750
0.226941362916006 0.0157241757325167
0.257369255150555 0.0149837350904996
0.283993660855784 0.0148433683257271
0.314421553090333 0.0141029276837100
0.352456418383518 0.0139668505653992
0.389223454833597 0.0130784171204556
0.405071315372425 0.0126332471432146
