1.3916840799047547e-02 1.3061850639341751e-03	
2.4214730196113511e-02 4.7004312351847516e-03	
3.3345654265632067e-02 8.8951306104136461e-03	
4.3601038303085503e-02 1.4489029141619121e-02	
5.2693321136592544e-02 2.0683412480443381e-02	
6.1789468093700742e-02 2.6677827422908112e-02	
7.3223409829505037e-02 3.0871367561056674e-02	
8.2389111011433952e-02 3.3266351369049714e-02	
9.0418759854624650e-02 3.4862041210144801e-02	
1.0192225581524954e-01 3.5456150213821716e-02	
1.1113432648039226e-01 3.5451513265500327e-02	
1.2035412539273728e-01 3.5046939524459864e-02	
1.3419928025565941e-01 3.3640205327461030e-02	
1.4112765387252227e-01 3.2636885634422318e-02	
1.5151828223601585e-01 3.1231890293044004e-02	
1.6190504647590842e-01 3.0026863348025214e-02	
1.7230340308660427e-01 2.8221931213927836e-02	
1.8153093024615161e-01 2.7417420680168312e-02	
1.9077004977650239e-01 2.6013004957330194e-02	
2.0459974814501977e-01 2.5406144345769481e-02	
2.1612642884725181e-01 2.4800442971289163e-02	
2.3225914488205512e-01 2.4192423122648129e-02	
2.5299016800222734e-01 2.3982021592565472e-02	
2.7600102404707849e-01 2.4970271203559716e-02	
2.9786423538238788e-01 2.5759132036734581e-02	
3.2318197321712583e-01 2.6546254014288933e-02	
3.5541649229792316e-01 2.6929961487883163e-02	
3.8076127899786893e-01 2.6317304690920772e-02	
3.9804163974221396e-01 2.5908673620099118e-02	
