0.0000000000000000e+00 -3.3645492829167207e-04	
1.5160349854227357e-02 -2.9449009040935745e-06	
2.3323615160349750e-02 2.4786249276044785e-04	
3.3819241982507263e-02 1.0032295746581377e-03	
4.3148688046647211e-02 1.9271922333146791e-03	
5.2478134110787167e-02 3.5245555653718851e-03	
6.2973760932944545e-02 5.5425489098958431e-03	
7.2303206997084493e-02 7.8133129153537227e-03	
8.2798833819241885e-02 9.4104308390022557e-03	
9.3294460641399388e-02 9.9132726683746984e-03	
1.0029154518950435e-01 1.0080150386272824e-02	
1.1195335276967930e-01 1.0077696302186086e-02	
1.2244897959183668e-01 9.9913125423329429e-03	
1.3177842565597664e-01 9.2317735174877909e-03	
1.4110787172011657e-01 8.3880594084675582e-03	
1.5626822157434395e-01 7.7114684257541255e-03	
1.6909620991253643e-01 6.6144928389826252e-03	
1.9125364431486888e-01 5.8522543216420709e-03	
2.0524781341107856e-01 5.0917336631622224e-03	
2.3090379008746356e-01 4.4971090889458160e-03	
2.4956268221574321e-01 4.4931825544070360e-03	
2.6588921282798811e-01 4.6580970050357721e-03	
2.8221574344023315e-01 4.7388363714894197e-03	
2.9737609329446063e-01 5.1565214830520869e-03	
3.1603498542274044e-01 5.3209451168634760e-03	
3.4285714285714286e-01 5.4836508918141482e-03	
3.6967930029154517e-01 5.3938314142395636e-03	
3.8833819241982503e-01 5.3899048797007836e-03	
4.0349854227405241e-01 5.3867145703880258e-03	
